((("-----------------------" .
   [1 0 0 0 0 0 0 0 0 0 0 0 0 0 0 0 0 0 0 0 0 0 0])
  ("----------------------" .
   [3 0 0 0 0 0 0 0 0 0 0 0 0 0 0 0 0 0 0 0 0 0])
  ("GMAT" .
   [1 0 0 0])
  ("GRE" .
   [1 0 0])
  ("<----" .
   [1 0 0 0 0])
  ("on." .
   [1 0 0])
  ("time" .
   [2 0 0 0])
  ("Things" .
   [1 0 0 0 0 0])
  ("algo" .
   [1 0 0 0])
  ("Quora" .
   [1 0 0 0 0])
  ("image" .
   [1 0 0 0 0])
  ("MapReduce" .
   [2 0 0 0 0 0 0 0 0])
  ("Hadoop" .
   [1 0 0 0 0 0])
  ("repeated" .
   [1 0 0 0 0 0 0 0])
  ("especially" .
   [1 0 0 0 0 0 0 0 0 0])
  ("someone" .
   [1 0 0 0 0 0 0])
  ("peace" .
   [1 0 0 0 0])
  ("dissatisfaction" .
   [1 0 0 0 0 0 0 0 0 0 0 0 0 0 0])
  ("persistently" .
   [0 0 0 0 0 0 0 1 0 0 0 0])
  ("criticize" .
   [2 0 0 0 0 0 0 0 0])
  ("irritate" .
   [1 0 0 0 0 1 0 0])
  ("04/11" .
   [1 0 0 0 0])
  ("04/03" .
   [1 0 0 0 0])
  ("done" .
   [11 0 0 0])
  ("03/31" .
   [1 0 0 0 0])
  ("zh.lucida.me" .
   [0 0 0 1 0 0 0 0 0 0 0 0])
  ("Developer" .
   [0 0 0 0 0 0 1 0 0])
  ("learning" .
   [1 0 0 0 0 0 0 0])
  ("programming" .
   [1 0 0 0 0 0 0 0 0 0 0])
  ("years" .
   [1 0 0 0 0])
  ("spend" .
   [1 0 0 0 0])
  ("want" .
   [1 0 0 0])
  ("just" .
   [1 0 0 0])
  ("algorithms" .
   [0 0 0 0 1 1 0 0 0 0])
  ("who" .
   [2 0 0])
  ("people" .
   [2 0 0 0 0 0])
  ("The" .
   [8 0 0])
  ("are" .
   [2 0 0])
  ("they" .
   [1 0 0 0])
  ("work" .
   [2 0 0 0])
  ("how" .
   [4 0 0])
  ("know" .
   [2 0 0 0])
  ("would" .
   [2 0 0 0 0])
  ("html" .
   [1 0 0 0])
  ("wisc" .
   [1 0 0 0])
  ("http" .
   [4 0 0 0])
  ("that" .
   [14 0 0 0])
  ("linux" .
   [1 0 0 0 0])
  ("github" .
   [1 0 0 0 0 0])
  ("from" .
   [3 0 0 0])
  ("you" .
   [3 0 0])
  ("when" .
   [2 0 0 0])
  ("M-x" .
   [2 0 0])
  ("topic" .
   [13 0 0 0 0])
  ("require" .
   [1 0 0 0 0 0 0])
  ("not" .
   [8 0 0])
  ("but" .
   [7 0 0])
  (".." .
   [16 0])
  ("Blank" .
   [1 0 0 0 0])
  ("is" .
   [13 0])
  ("the" .
   [53 0 0])
  ("1." .
   [1 0])
  ("likely" .
   [1 0 0 0 0 0])
  ("to" .
   [17 0])
  ("show" .
   [1 0 0 0])
  ("up" .
   [3 0])
  ("on" .
   [6 0])
  ("verbal" .
   [1 0 0 0 0 0])
  ("section" .
   [1 0 0 0 0 0 0])
  ("come" .
   [1 0 0 0])
  ("with" .
   [10 0 0 0])
  ("an" .
   [5 0])
  ("word" .
   [1 0 0 0])
  ("focus" .
   [1 0 0 0 0])
  ("more" .
   [4 0 0 0])
  ("connotation" .
   [1 0 0 0 0 0 0 0 0 0 0])
  ("in" .
   [10 0])
  ("different" .
   [1 0 0 0 0 0 0 0 0])
  ("answer" .
   [2 0 0 0 0 0])
  ("which" .
   [2 0 0 0 0])
  ("fits" .
   [1 0 0 0])
  ("still" .
   [1 0 0 0 0])
  ("than" .
   [4 0 0 0])
  ("use" .
   [2 0 0])
  ("context" .
   [1 0 0 0 0 0 0])
  ("clues" .
   [1 0 0 0 0])
  ("perseverance" .
   [1 0 0 0 0 0 0 0 0 0 0 0])
  ("tenacious" .
   [1 0 0 0 0 0 0 0 0])
  ("s" .
   [3])
  ("and" .
   [20 0 0])
  ("under" .
   [2 0 0 0 0])
  ("control" .
   [1 0 0 0 0 0 0])
  ("or" .
   [12 0])
  ("quality" .
   [2 0 0 0 0 0 0])
  ("lacking" .
   [1 0 0 0 0 0 0])
  ("harsh" .
   [1 0 0 0 0])
  ("characterized" .
   [1 0 0 0 0 0 0 0 1 0 0 0 0])
  ("by" .
   [5 0])
  ("manner" .
   [1 0 0 0 0 0])
  ("speech" .
   [1 0 0 0 0 0])
  ("without" .
   [1 0 0 0 0 0 0])
  ("roundabout" .
   [1 0 0 0 0 0 0 0 0 0])
  ("ie." .
   [2 0 0])
  ("about" .
   [1 0 0 0 0])
  ("holding" .
   [2 0 0 0 0 0 0])
  ("for" .
   [6 0 0])
  ("forth" .
   [1 0 0 0 0])
  ("questions" .
   [1 0 0 0 0 0 0 0 0])
  ("of" .
   [17 0])
  ("great" .
   [2 0 0 0 0])
  ("only" .
   [3 0 0 0])
  ("attention" .
   [1 0 0 0 0 0 0 0 0])
  ("like" .
   [2 0 0 0])
  ("generous" .
   [1 0 0 0 0 0 0 0])
  ("move" .
   [1 0 0 0])
  ("very" .
   [2 0 0 0])
  ("he" .
   [1 0])
  ("budge" .
   [1 0 0 0 0])
  ("even" .
   [1 0 0 0])
  ("issues" .
   [1 0 0 0 0 0])
  ("engage" .
   [1 0 0 0 0 0])
  ("refuse" .
   [1 0 0 0 0 0])
  ("hinder" .
   [1 0 0 0 0 0])
  ("any" .
   [3 0 0])
  ("clear" .
   [1 0 0 0 0])
  ("understand" .
   [1 0 0 0 0 0 0 0 0 0])
  ("appropriate" .
   [2 0 0 0 0 0 0 0 0 0 0])
  ("means" .
   [1 0 0 0 0])
  ("be" .
   [2 0])
  ("at" .
   [2 0])
  ("certain" .
   [2 0 0 0 0 0 0])
  ("according" .
   [1 0 0 0 0 0 0 0 0])
  ("sudden" .
   [1 0 0 0 0 0])
  ("being" .
   [3 0 0 0 0])
  ("speaking" .
   [1 0 0 0 0 0 0 0])
  ("try" .
   [1 0 0])
  ("ref" .
   [1 0 0])
  ("Zeyuan" .
   [1 0 0 0 0 0])
  ("lang" .
   [1 0 0 0])
  ("as" .
   [5 0])
  ("well" .
   [1 0 0 0])
  ("..." .
   [16 0 0])
  ("also" .
   [2 0 0 0])
  ("rather" .
   [1 0 0 0 0 0])
  ("句是典型的反映强对比的句子" .
   [0 0 1 1 0 0 0 0 0 0 0 0 0])
  ("句是典型的反映强对比的句子，侧重点在强对比的双方" .
   [0 0 0 0 0 0 0 0 0 0 0 0 0 0 1 0 0 0 0 0 0 0 0 0])
  ("less" .
   [3 0 0 0])
  ("note" .
   [2 0 0 0])
  ("purpose" .
   [1 0 0 0 0 0 0])
  ("passage" .
   [6 0 0 0 0 0 0])
  ("author" .
   [2 0 0 0 0 0])
  ("discussion" .
   [1 0 0 0 0 0 0 0 1 0])
  ("primarily" .
   [1 0 0 0 0 0 0 0 0])
  ("concerned" .
   [2 0 0 0 0 0 0 0 0])
  ("best" .
   [2 0 0 0])
  ("describes" .
   [2 0 0 0 0 0 0 0 0])
  ("primary" .
   [1 0 0 0 0 0 0])
  ("Which" .
   [3 0 0 0 0])
  ("following" .
   [3 0 0 0 0 0 0 0 0])
  ("most" .
   [3 0 0 0])
  ("its" .
   [2 0 0])
  ("全文论证一个观点型文章" .
   [0 0 6 0 0 0 0 0 0 0 0])
  ("观点之后和二段首句均没有对此观点进行转折。各段首句通常为该段大意的统领句。" .
   [0 0 1 0 0 0 0 0 0 0 0 0 0 0 0 0 0 0 0 0 0 0 0 0 0 0 0 0 0 0 0 0 0 0 0 0 0])
  ("compare" .
   [1 0 0 0 0 0 0])
  ("conflict" .
   [1 0 0 0 0 0 0 0])
  ("one" .
   [6 0 0])
  ("indicate" .
   [2 0 0 0 0 0 0 0])
  ("文章结构" .
   [0 0 0 1])
  ("做题步骤" .
   [0 0 1 0])
  ("general" .
   [1 0 0 0 0 0 0])
  ("study" .
   [5 0 0 0 0])
  ("detail" .
   [1 0 0 0 0 0])
  ("特征" .
   [1 0])
  ("Initially" .
   [0 0 0 0 0 0 0 0 1])
  ("has" .
   [1 0 0])
  ("long" .
   [2 0 0 0])
  ("been" .
   [4 0 0 0])
  ("known" .
   [1 0 0 0 0])
  ("Once" .
   [1 0 0 0])
  ("often" .
   [1 0 0 0 0])
  ("usually" .
   [1 0 0 0 0 0 0])
  ("view" .
   [2 0 0 0])
  ("Many" .
   [3 0 0 0])
  ("t" .
   [1])
  ("have" .
   [4 0 0 0])
  ("yet" .
   [2 0 0])
  ("new" .
   [1 0 0])
  ("----------------------------------------------------------------------------" .
   [0 0 0 0 0 3 0 0 0 0 0 0 0 0 0 0 0 0 0 0 0 0 1 0 0 0 1 0 1 0 0 0 0 0 0 0 0 0 0 0 0 0 0 0 0 0 0 0 0 0 0 0 0 0 0 0 0 0 0 0 0 0 0 0 0 0 0 0 0 0 0 0 0 0 0 0])
  ("新观点推翻旧观点" .
   [0 0 0 7 0 0 0 0])
  ("新观点推翻旧观点型文章" .
   [1 0 0 1 0 0 0 0 0 1 1])
  ("recent" .
   [2 0 0 0 0 0])
  ("importance" .
   [2 0 0 0 0 0 0 0 0 0])
  ("也可能没有" .
   [2 0 0 0 0])
  ("新观点" .
   [0 0 1])
  ("criticism" .
   [0 0 0 0 0 0 0 1 0])
  ("正确答案" .
   [3 0 0 0])
  ("important" .
   [1 0 0 0 0 0 0 0 0])
  ("made" .
   [1 0 0 0])
  ("词汇" .
   [1 0])
  ("alternative" .
   [1 0 0 0 0 1 0 0 0 0 0])
  ("some" .
   [2 0 0 0])
  ("significance" .
   [1 0 0 0 0 0 0 0 0 0 0 0])
  ("showing" .
   [1 0 0 0 0 0 0])
  ("refute" .
   [1 0 0 0 0 0])
  ("belief" .
   [1 0 0 0 0 0])
  ("held" .
   [1 0 0 0])
  ("statement" .
   [2 0 0 0 0 0 0 0 0])
  ("seemingly" .
   [1 0 0 0 0 0 0 0 0])
  ("common" .
   [1 0 0 0 0 0])
  ("sense" .
   [1 0 0 0 0])
  ("perhaps" .
   [1 0 0 0 0 0 0])
  ("true" .
   [2 0 0 0])
  ("first" .
   [2 0 0 0 0])
  ("seems" .
   [1 0 0 0 0])
  ("described" .
   [1 0 0 0 0 0 0 0 0])
  ("then" .
   [1 0 0 0])
  ("solution" .
   [1 0 0 0 0 0 0 0])
  ("sentence" .
   [1 0 0 0 0 0 0 0])
  ("paragraph" .
   [1 0 0 0 0 0 0 0 0])
  ("presented" .
   [1 0 0 0 0 0 0 0 0])
  ("conventional" .
   [1 0 0 0 0 0 0 0 0 0 0 0])
  ("present" .
   [2 0 0 0 0 0 0])
  ("有待解释的现象" .
   [0 0 0 0 0 1 0])
  ("example" .
   [1 0 0 0 0 0 0])
  ("model" .
   [1 0 0 0 0])
  ("survey" .
   [1 0 0 0 0 0])
  ("evidence" .
   [1 0 0 0 0 0 0 0])
  ("this" .
   [1 0 0 0])
  ("hypothesis" .
   [0 0 0 0 0 0 1 0 0 0])
  ("test" .
   [1 0 0 0])
  ("enthusiasm" .
   [0 0 0 0 0 2 0 0 0 0])
  ("derision" .
   [1 0 0 0 0 0 0 0])
  ("indifference" .
   [0 0 0 0 0 0 0 1 0 0 0 0])
  ("accessible" .
   [1 0 0 0 0 0 0 0 0 0])
  ("capable" .
   [2 0 0 0 0 0 0])
  ("open" .
   [1 0 0 0])
  ("used" .
   [1 0 0 0])
  ("figure" .
   [1 0 0 0 0 0])
  ("out" .
   [1 0 0])
  ("way" .
   [1 0 0])
  ("organize" .
   [1 0 0 0 0 0 0 0])
  ("blog" .
   [2 0 0 0])
  ("allow" .
   [1 0 0 0 0])
  ("code-block" .
   [2 0 0 0 0 0 0 1 0 0])
  ("cpp" .
   [9 0 0])
  ("caption" .
   [1 0 0 0 0 0 0])
  ("block" .
   [4 0 0 0 0])
  ("style" .
   [4 0 0 0 0])
  ("follows" .
   [1 0 0 0 0 0 0])
  ("code" .
   [4 0 0 0])
  ("2015-09-05" .
   [1 0 0 0 0 0 0 0 0 0])
  ("04/15" .
   [1 0 0 0 0])
  ("toctree" .
   [1 0 0 0 0 0 0])
  ("maxdepth" .
   [0 0 0 0 0 0 1 0])
  ("will" .
   [1 0 0 0])
  ("uint32" .
   [2 0 0 0 0 0])
  ("diff" .
   [14 0 0 0])
  ("return" .
   [1 0 0 0 0 0])
  ("make.rst" .
   [1 0 0 0 1 0 0 0])
  ("05/04" .
   [1 0 0 0 0])
  ("05/07" .
   [2 0 0 0 0])
  ("cloc" .
   [6 0 0 0])
  ("here" .
   [1 0 0 0])
  ("there" .
   [1 0 0 0 0])
  ("bin" .
   [2 0 0])
  ("bash" .
   [2 0 0 0])
  ("bash.sh" .
   [1 0 0 0 0 0 0])
  ("line" .
   [2 0 0 0])
  ("echo" .
   [1 0 0 0])
  ("hello" .
   [1 0 0 0 0])
  ("world" .
   [1 0 0 0 0])
  ("count" .
   [1 0 0 0 0])
  ("lines" .
   [2 0 0 0 0])
  ("Notice" .
   [1 0 0 0 0 0])
  ("blank" .
   [1 0 0 0 0])
  ("comment" .
   [1 0 0 0 0 0 0])
  ("redhat" .
   [1 0 0 0 0 0])
  ("fedora" .
   [1 0 0 0 0 0])
  ("usr" .
   [1 0 0])
  ("src" .
   [1 0 0])
  ("Miscellaneous" .
   [0 0 0 0 1 0 0 0 0 0 0 0 0])))
